6,7,8,20,31,36,41,52,62,65,75,74,84,94
0,2,4,6.8284,9.6569,11.6569,13.6569,15.6569,17.6569,19.6569,22.4853,24.4853,27.3137,30.1421
6,18,19,20,31,36,41,52,62,65,75,85,84,94
0,2.8284,4.8284,6.8284,9.6569,11.6569,13.6569,15.6569,17.6569,19.6569,22.4853,25.3137,27.3137,30.1421
6,16,26,35,40,45,55,64,68,80,92,93,94
0,2.8284,5.6569,8.4853,10.4853,12.4853,15.3137,18.1421,20.9706,23.799,26.6274,28.6274,30.6274
6,17,27,26,35,40,45,55,64,68,80,92,93,94
0,2,4.8284,6.8284,9.6569,11.6569,13.6569,16.4853,19.3137,22.1421,24.9706,27.799,29.799,31.799
6,17,27,26,35,40,45,55,64,68,80,92,93,94
0,2,4.8284,6.8284,9.6569,11.6569,13.6569,16.4853,19.3137,22.1421,24.9706,27.799,29.799,31.799
6,17,27,26,35,40,45,55,64,68,80,92,93,94
0,2,4.8284,6.8284,9.6569,11.6569,13.6569,16.4853,19.3137,22.1421,24.9706,27.799,29.799,31.799
